1	1	0	0	0	0	0	0	0	0	0	0	0	0	0	0	0	0	0	0	0	0	0	0	0	0	0	0	0	0	0	0	0	0	0	0	0	0	0	0	0	0	0	0	0	0	0	0	0	0	0	0
2	2	2.1E-09	1.3E-09	0	-4.2E-09	0	-1.09E-08	0	1.73E-08	-2.34E-08	2.56E-08	-2.41E-08	0	2.68E-08	2.19E-08	0.000000022	5.85E-08	-6.51E-08	0.000000028	0	0	2.57E-08	1.43E-08	0	4.78E-08	-0.000000078	0	-0.000000118	0	1.299E-07	9.61E-08	0	0	-3.06E-08	0	-5.87E-08	0	-9.33E-08	-0.000000047	-3.756E-07	3.932E-07	1.272E-07	0	0	0	4.455E-07	3.718E-07	3.689E-07	0	-2.827E-07	0
3	3	4.1E-09	3.1E-09	0	-8.6E-09	0	-2.12E-08	0	3.32E-08	-0.000000045	4.94E-08	-4.65E-08	0	5.16E-08	4.25E-08	4.26E-08	1.115E-07	-1.239E-07	5.35E-08	0	0	4.83E-08	2.73E-08	0	9.12E-08	-1.496E-07	0	-2.235E-07	0	2.424E-07	1.769E-07	0	0	-5.83E-08	0	-0.00000011	0	-1.743E-07	-8.78E-08	-0.000000698	7.309E-07	2.356E-07	0	0	0	8.142E-07	6.814E-07	6.757E-07	0	-5.213E-07	0
4	4	5.6E-09	5.4E-09	0	-1.31E-08	0	-2.96E-08	0	4.59E-08	-6.22E-08	6.83E-08	-6.44E-08	0	7.13E-08	5.91E-08	5.92E-08	1.518E-07	-1.683E-07	0.000000073	0	0	6.46E-08	3.74E-08	0	1.238E-07	-2.042E-07	0	-3.003E-07	0	3.189E-07	2.279E-07	0	0	-7.87E-08	0	-1.448E-07	0	-2.277E-07	-1.148E-07	-9.057E-07	9.484E-07	3.036E-07	0	0	0	1.0251E-06	0.000000861	8.523E-07	0	-0.000000663	0
5	5	6.5E-09	8.2E-09	0	-0.000000017	0	-3.46E-08	0	5.29E-08	-7.16E-08	7.87E-08	-0.000000074	0	8.18E-08	6.86E-08	6.85E-08	1.704E-07	-1.879E-07	8.21E-08	0	0	7.01E-08	4.21E-08	0	1.381E-07	-2.296E-07	0	-3.288E-07	0	0.000000337	2.321E-07	0	0	-8.69E-08	0	-1.529E-07	0	-2.371E-07	-1.197E-07	-9.316E-07	9.756E-07	3.084E-07	0	0	0	9.948E-07	0.000000841	8.299E-07	0	-6.552E-07	0
6	6	0.000000006	9.9E-09	0	-1.81E-08	0	-3.29E-08	0	4.93E-08	-6.67E-08	7.33E-08	-6.88E-08	0	7.59E-08	6.43E-08	6.41E-08	0.000000154	-1.685E-07	7.42E-08	0	0	6.02E-08	3.81E-08	0	1.234E-07	-2.071E-07	0	-0.000000287	0	2.809E-07	1.841E-07	0	0	-7.64E-08	0	-1.269E-07	0	-1.927E-07	-9.76E-08	-7.439E-07	7.789E-07	2.414E-07	0	0	0	7.251E-07	6.179E-07	6.064E-07	0	-4.869E-07	0
7	7	0.000000004	8.1E-09	0	-1.36E-08	0	-2.23E-08	0	3.26E-08	-0.000000044	4.84E-08	-4.52E-08	0	4.98E-08	4.26E-08	4.24E-08	9.82E-08	-1.064E-07	4.72E-08	0	0	3.59E-08	2.44E-08	0	7.75E-08	-1.314E-07	0	-1.752E-07	0	1.617E-07	9.89E-08	0	0	-0.000000047	0	-7.24E-08	0	-1.068E-07	-5.43E-08	-4.021E-07	4.208E-07	1.265E-07	0	0	0	3.373E-07	2.911E-07	2.828E-07	0	-0.000000233	0
8	8	0	0	0	0	0	0	0	0	0	0	0	0	0	0	0	0	0	0	0	0	0	0	0	0	0	0	0	0	0	0	0	0	0	0	0	0	0	0	0	0	0	0	0	0	0	0	0	0	0	0
9	9	-6.6E-09	-2.01E-08	0	2.93E-08	0	3.88E-08	0	-5.38E-08	7.18E-08	-7.87E-08	7.27E-08	0	-7.98E-08	-0.00000007	-7.02E-08	-1.482E-07	1.561E-07	-7.07E-08	0	0	-4.31E-08	-3.74E-08	0	-1.138E-07	2.002E-07	0	0.000000237	0	-1.745E-07	-7.44E-08	0	0	0.000000066	0	7.78E-08	0	1.002E-07	5.14E-08	3.345E-07	-3.491E-07	-0.000000087	0	0	0	-3.23E-08	-0.000000047	-3.11E-08	0	5.61E-08	0
10	10	-2.05E-08	-6.63E-08	0	0.000000095	0	1.225E-07	0	-1.683E-07	2.241E-07	-0.000000245	2.245E-07	0	-2.432E-07	-2.126E-07	-2.103E-07	-4.299E-07	4.473E-07	-2.027E-07	0	0	-1.154E-07	-0.000000105	0	-3.075E-07	5.381E-07	0	6.203E-07	0	-4.339E-07	-1.627E-07	0	0	1.689E-07	0	1.777E-07	0	2.145E-07	1.133E-07	6.532E-07	-0.000000679	-1.454E-07	0	0	0	2.318E-07	1.477E-07	0.000000189	0	-7.65E-08	0
11	11	-3.71E-08	-1.205E-07	0	1.722E-07	0	2.208E-07	0	-3.028E-07	4.017E-07	-4.371E-07	3.962E-07	0	-4.188E-07	-3.626E-07	-3.486E-07	-6.883E-07	7.082E-07	-3.199E-07	0	0	-1.751E-07	-1.579E-07	0	-4.347E-07	7.446E-07	0	8.445E-07	0	-5.812E-07	-2.017E-07	0	0	2.163E-07	0	1.971E-07	0	0.000000219	1.228E-07	5.646E-07	-5.821E-07	-8.86E-08	0	0	0	5.862E-07	4.429E-07	4.902E-07	0	-3.155E-07	0
12	12	-5.43E-08	-1.739E-07	0	2.487E-07	0	3.198E-07	0	-4.383E-07	5.784E-07	-6.245E-07	5.575E-07	0	-5.692E-07	-4.843E-07	-4.462E-07	-8.417E-07	8.521E-07	-3.818E-07	0	0	-2.003E-07	-1.738E-07	0	-4.285E-07	6.989E-07	0	7.846E-07	0	-5.539E-07	-1.952E-07	0	0	1.738E-07	0	1.171E-07	0	1.092E-07	7.72E-08	1.067E-07	-1.006E-07	4.45E-08	0	0	0	6.769E-07	5.576E-07	5.811E-07	0	-4.567E-07	0
13	13	-7.03E-08	-0.000000217	0	3.123E-07	0	4.057E-07	0	-5.565E-07	7.287E-07	-7.776E-07	6.795E-07	0	-6.576E-07	-5.451E-07	-4.666E-07	-8.157E-07	8.067E-07	-3.571E-07	0	0	-1.829E-07	-1.369E-07	0	-2.575E-07	3.522E-07	0	3.995E-07	0	-3.379E-07	-1.464E-07	0	0	3.96E-08	0	-3.71E-08	0	-6.55E-08	-3.3E-09	-4.966E-07	5.254E-07	1.736E-07	0	0	0	3.449E-07	0.000000327	3.055E-07	0	-3.114E-07	0
14	14	-8.37E-08	-2.455E-07	0	3.563E-07	0	4.691E-07	0	-6.434E-07	8.329E-07	-8.746E-07	0.000000742	0	-6.647E-07	-5.294E-07	-3.997E-07	-5.999E-07	5.645E-07	-2.444E-07	0	0	-1.219E-07	-5.61E-08	0	2.22E-08	-1.723E-07	0	-1.637E-07	0	-2.45E-08	-8.72E-08	0	0	-1.267E-07	0	-1.802E-07	0	-1.919E-07	-6.29E-08	-0.000000861	8.946E-07	0.000000206	0	0	0	-2.221E-07	-1.177E-07	-1.731E-07	0	3.38E-08	0
15	15	-9.38E-08	-2.588E-07	0	0.000000379	0	5.055E-07	0	-6.917E-07	8.806E-07	-9.049E-07	7.371E-07	0	-5.893E-07	-0.00000044	-2.581E-07	-0.000000237	1.749E-07	-6.85E-08	0	0	-2.95E-08	4.41E-08	0	3.091E-07	-6.726E-07	0	-6.809E-07	0	2.583E-07	-4.53E-08	0	0	-2.497E-07	0	-2.354E-07	0	-1.925E-07	-6.32E-08	-7.644E-07	7.796E-07	1.172E-07	0	0	0	-6.455E-07	-4.771E-07	-5.286E-07	0	3.384E-07	0
16	16	-1.002E-07	-2.581E-07	0	3.814E-07	0	5.145E-07	0	-7.001E-07	8.718E-07	-8.701E-07	6.701E-07	0	-4.472E-07	-2.949E-07	-7.11E-08	1.974E-07	-2.791E-07	1.307E-07	0	0	7.38E-08	1.337E-07	0	5.011E-07	-9.605E-07	0	-9.497E-07	0	3.963E-07	-4.12E-08	0	0	-2.747E-07	0	-1.726E-07	0	-6.06E-08	1.3E-09	-2.544E-07	2.381E-07	-4.22E-08	0	0	0	-6.419E-07	-5.111E-07	-5.187E-07	0	0.00000039	0
17	17	-0.000000103	-2.455E-07	0	3.664E-07	0	4.987E-07	0	-6.728E-07	8.141E-07	-0.000000782	5.561E-07	0	-2.659E-07	-1.224E-07	0.000000124	6.155E-07	-7.041E-07	3.093E-07	0	0	1.662E-07	1.866E-07	0	5.316E-07	-9.297E-07	0	-8.663E-07	0	3.329E-07	-7.96E-08	0	0	-1.902E-07	0	-2.23E-08	0	0.000000137	1.004E-07	3.863E-07	-4.289E-07	-1.791E-07	0	0	0	-2.145E-07	-2.004E-07	-1.506E-07	0	1.527E-07	0
18	18	-1.022E-07	-0.000000224	0	3.375E-07	0	4.627E-07	0	-0.000000617	7.203E-07	-6.581E-07	4.161E-07	0	-7.72E-08	4.67E-08	2.909E-07	9.398E-07	-1.0197E-06	4.309E-07	0	0	2.299E-07	0.000000188	0	3.902E-07	-5.908E-07	0	-4.598E-07	0	0.000000089	-1.476E-07	0	0	-3.16E-08	0	1.417E-07	0	2.982E-07	1.855E-07	8.031E-07	-8.507E-07	-2.136E-07	0	0	0	3.515E-07	0.000000245	3.255E-07	0	-2.088E-07	0
19	19	-9.79E-08	-1.964E-07	0	2.988E-07	0	4.116E-07	0	-5.407E-07	6.042E-07	-5.165E-07	2.707E-07	0	0.00000009	1.855E-07	4.017E-07	1.1176E-06	-1.1745E-06	4.743E-07	0	0	0.000000255	1.381E-07	0	1.231E-07	-6.02E-08	0	0.000000126	0	-0.000000248	-0.000000219	0	0	1.368E-07	0	2.399E-07	0	3.398E-07	2.141E-07	7.655E-07	-7.931E-07	-1.246E-07	0	0	0	6.807E-07	5.291E-07	5.876E-07	0	-4.437E-07	0
20	20	-9.03E-08	-1.652E-07	0	2.537E-07	0	3.507E-07	0	-4.528E-07	4.801E-07	-3.754E-07	1.392E-07	0	2.132E-07	2.751E-07	4.426E-07	0.000001134	-1.1589E-06	4.385E-07	0	0	2.424E-07	5.19E-08	0	-0.000000184	4.843E-07	0	6.895E-07	0	-5.608E-07	-2.679E-07	0	0	2.494E-07	0	2.273E-07	0	2.439E-07	1.752E-07	2.908E-07	-2.844E-07	3.89E-08	0	0	0	5.559E-07	4.672E-07	4.577E-07	0	-3.888E-07	0
21	21	-7.95E-08	-1.324E-07	0	2.054E-07	0	2.847E-07	0	-3.608E-07	3.601E-07	-2.495E-07	3.58E-08	0	2.799E-07	3.075E-07	0.000000415	1.0091E-06	-1.0009E-06	3.414E-07	0	0	2.016E-07	-4.59E-08	0	-4.369E-07	8.714E-07	0	0.00000105	0	-7.476E-07	-2.777E-07	0	0	2.684E-07	0	1.152E-07	0	0.000000064	9.21E-08	-3.738E-07	4.097E-07	1.895E-07	0	0	0	5.48E-08	1.023E-07	1.52E-08	0	-7.63E-08	0
22	22	-6.56E-08	-9.95E-08	0	1.559E-07	0	2.169E-07	0	-2.701E-07	2.522E-07	-0.000000148	-3.13E-08	0	2.876E-07	2.853E-07	3.336E-07	7.875E-07	-0.000000754	2.138E-07	0	0	1.471E-07	-1.263E-07	0	-5.632E-07	9.959E-07	0	1.1123E-06	0	-0.000000757	-2.457E-07	0	0	1.997E-07	0	-3.52E-08	0	-1.075E-07	7.4E-09	-8.928E-07	9.392E-07	2.559E-07	0	0	0	-5.097E-07	-3.303E-07	-4.664E-07	0	0.000000294	0
23	23	-4.82E-08	-6.72E-08	0	1.064E-07	0	1.489E-07	0	-1.829E-07	1.596E-07	-7.45E-08	-5.96E-08	0	2.412E-07	0.000000219	2.217E-07	5.235E-07	-4.799E-07	9.26E-08	0	0	9.27E-08	-1.618E-07	0	-0.00000053	8.491E-07	0	0.000000895	0	-6.018E-07	-0.000000182	0	0	9.24E-08	0	-1.392E-07	0	-1.896E-07	-4.19E-08	-1.0234E-06	1.0615E-06	2.278E-07	0	0	0	-8.013E-07	-5.581E-07	-7.108E-07	0	4.943E-07	0
24	24	-2.77E-08	-3.56E-08	0	5.71E-08	0	8.12E-08	0	-9.92E-08	8.15E-08	-2.81E-08	-5.08E-08	0	0.00000015	1.253E-07	1.086E-07	2.661E-07	-2.323E-07	1.58E-08	0	0	4.66E-08	-1.269E-07	0	-0.000000345	5.133E-07	0	0.000000519	0	-3.493E-07	-1.028E-07	0	0	2.53E-08	0	-1.204E-07	0	-0.000000156	-4.77E-08	-7.383E-07	7.679E-07	1.714E-07	0	0	0	-6.803E-07	-4.388E-07	-6.316E-07	0	4.249E-07	0
25	25	-1.34E-08	-1.61E-08	0	2.65E-08	0	3.89E-08	0	-0.000000048	3.87E-08	-1.15E-08	-2.77E-08	0	7.49E-08	6.13E-08	5.14E-08	1.263E-07	-1.099E-07	0.000000007	0	0	2.25E-08	-5.87E-08	0	-1.688E-07	0.000000272	0	0.000000287	0	-0.000000187	-5.33E-08	0	0	4.44E-08	0	-2.35E-08	0	-9.25E-08	-0.00000004	-4.343E-07	4.734E-07	1.779E-07	0	0	0	-0.000000455	-2.101E-07	-4.916E-07	0	2.831E-07	0
26	26	1.36E-08	1.99E-08	0	-2.99E-08	0	-3.82E-08	0	4.48E-08	-3.17E-08	-2.1E-09	4.88E-08	0	-9.24E-08	-0.000000044	1.43E-08	-6.72E-08	2.74E-08	1.188E-07	0	0	-2.57E-08	2.102E-07	0	2.586E-07	-6.81E-08	0	9.64E-08	0	0.00000001	2.96E-08	0	0	3.431E-07	0	4.144E-07	0	2.35E-08	-7.03E-08	4.61E-08	1.062E-07	0.000000518	0	0	0	-0.000000124	3.843E-07	-5.206E-07	0	8.12E-08	0
27	27	2.78E-08	3.98E-08	0	-6.05E-08	0	-7.98E-08	0	9.47E-08	-6.56E-08	-8.4E-09	1.072E-07	0	-1.922E-07	-8.49E-08	3.93E-08	-1.361E-07	5.69E-08	2.459E-07	0	0	-5.69E-08	4.178E-07	0	5.053E-07	-1.568E-07	0	1.431E-07	0	4.57E-08	0.000000067	0	0	0.000000609	0	7.185E-07	0	5.53E-08	-1.143E-07	1.739E-07	7.17E-08	8.104E-07	0	0	0	-7.06E-08	6.554E-07	-6.851E-07	0	5.47E-08	0
28	28	4.82E-08	7.17E-08	0	-0.000000109	0	-1.463E-07	0	1.744E-07	-1.121E-07	-3.72E-08	2.228E-07	0	-3.521E-07	-1.149E-07	1.405E-07	-2.163E-07	7.44E-08	5.019E-07	0	0	-0.000000119	7.653E-07	0	8.351E-07	-1.898E-07	0	3.091E-07	0	5.43E-08	1.235E-07	0	0	9.789E-07	0	1.0494E-06	0	4.74E-08	-0.000000188	2.338E-07	1.072E-07	1.0742E-06	0	0	0	-5.13E-08	7.842E-07	-7.778E-07	0	4.68E-08	0
29	29	6.54E-08	1.039E-07	0	-1.574E-07	0	-2.147E-07	0	2.547E-07	-1.462E-07	-9.22E-08	3.611E-07	0	-4.955E-07	-9.16E-08	3.047E-07	-2.671E-07	7.53E-08	7.694E-07	0	0	-0.000000188	1.0417E-06	0	9.884E-07	-1.059E-07	0	4.834E-07	0	3.81E-08	1.717E-07	0	0	1.1052E-06	0	1.0074E-06	0	-2.97E-08	-2.297E-07	1.423E-07	1.642E-07	8.837E-07	0	0	0	-6.53E-08	4.593E-07	-5.094E-07	0	4.35E-08	0
30	30	7.93E-08	1.365E-07	0	-2.067E-07	0	-2.862E-07	0	3.343E-07	-1.626E-07	-1.758E-07	5.125E-07	0	-0.000000601	-9.9E-09	5.075E-07	-0.000000292	7.46E-08	9.847E-07	0	0	-2.484E-07	1.1584E-06	0	9.006E-07	5.57E-08	0	5.681E-07	0	2.83E-08	2.028E-07	0	0	8.941E-07	0	0.000000566	0	-1.403E-07	-2.153E-07	-2.61E-08	1.686E-07	0.000000281	0	0	0	-7.26E-08	-1.328E-07	1.87E-08	0	2.31E-08	0
31	31	9.02E-08	1.698E-07	0	-0.000000258	0	-3.615E-07	0	4.098E-07	-1.553E-07	-0.000000287	6.615E-07	0	-6.468E-07	1.249E-07	7.115E-07	-0.00000029	7.88E-08	1.0869E-06	0	0	-2.806E-07	1.0591E-06	0	5.754E-07	2.373E-07	0	5.069E-07	0	4.26E-08	2.082E-07	0	0	3.926E-07	0	-1.014E-07	0	-2.276E-07	-1.471E-07	-1.716E-07	0.000000095	-4.363E-07	0	0	0	-5.53E-08	-6.241E-07	5.002E-07	0	-1.26E-08	0
32	32	9.82E-08	2.043E-07	0	-3.123E-07	0	-4.395E-07	0	0.000000475	-1.183E-07	-4.201E-07	7.871E-07	0	-6.151E-07	0.000000297	8.722E-07	-2.603E-07	8.86E-08	1.0333E-06	0	0	-2.682E-07	7.421E-07	0	9.46E-08	3.752E-07	0	3.017E-07	0	8.38E-08	1.854E-07	0	0	-2.238E-07	0	-6.983E-07	0	-2.435E-07	-5.49E-08	-2.119E-07	-2.94E-08	-8.832E-07	0	0	0	-1.85E-08	-7.022E-07	6.364E-07	0	-4.66E-08	0
33	33	1.037E-07	2.404E-07	0	-3.704E-07	0	-5.173E-07	0	5.218E-07	-4.76E-08	-5.644E-07	8.664E-07	0	-4.981E-07	4.805E-07	9.477E-07	-2.055E-07	1.008E-07	8.139E-07	0	0	-2.041E-07	2.689E-07	0	-4.013E-07	4.195E-07	0	1.24E-08	0	1.408E-07	1.412E-07	0	0	-7.189E-07	0	-9.469E-07	0	-1.757E-07	0.000000018	-1.229E-07	-1.431E-07	-8.133E-07	0	0	0	1.71E-08	-3.192E-07	3.442E-07	0	-0.000000061	0
34	34	1.068E-07	2.787E-07	0	-4.332E-07	0	-5.909E-07	0	5.419E-07	5.73E-08	-7.048E-07	8.799E-07	0	-3.026E-07	6.436E-07	9.096E-07	-1.334E-07	1.105E-07	4.596E-07	0	0	-9.45E-08	-0.000000247	0	-7.575E-07	3.531E-07	0	-2.638E-07	0	1.951E-07	9.19E-08	0	0	-8.954E-07	0	-7.305E-07	0	-5.67E-08	0.000000037	4.77E-08	-1.865E-07	-2.713E-07	0	0	0	0.00000003	2.689E-07	-1.776E-07	0	-5.07E-08	0
35	35	1.077E-07	3.198E-07	0	-5.006E-07	0	-6.542E-07	0	5.264E-07	1.922E-07	-8.224E-07	8.128E-07	0	-5.01E-08	7.525E-07	7.478E-07	-5.58E-08	1.117E-07	3.53E-08	0	0	4.26E-08	-6.717E-07	0	-8.576E-07	1.969E-07	0	-4.294E-07	0	0.000000226	5.44E-08	0	0	-6.815E-07	0	-1.562E-07	0	5.47E-08	-2.6E-09	0.000000206	-1.358E-07	4.264E-07	0	0	0	1.25E-08	6.704E-07	-5.767E-07	0	-2.51E-08	0
36	36	1.064E-07	3.644E-07	0	-5.725E-07	0	-0.0000007	0	4.687E-07	3.478E-07	-8.976E-07	6.613E-07	0	2.248E-07	7.798E-07	4.779E-07	1.34E-08	1.005E-07	-0.000000371	0	0	1.798E-07	-8.897E-07	0	-6.681E-07	5.5E-09	0	-4.243E-07	0	0.000000221	4.17E-08	0	0	-1.688E-07	0	4.902E-07	0	1.029E-07	-0.000000074	2.632E-07	-1.87E-08	0.000000869	0	0	0	-2.45E-08	6.174E-07	-5.823E-07	0	-2.1E-09	0
37	37	1.033E-07	4.131E-07	0	-6.476E-07	0	-7.216E-07	0	3.659E-07	5.109E-07	-9.152E-07	4.352E-07	0	4.794E-07	7.127E-07	1.413E-07	6.07E-08	0.000000076	-6.695E-07	0	0	2.884E-07	-8.413E-07	0	-2.556E-07	-1.515E-07	0	-2.516E-07	0	1.824E-07	5.79E-08	0	0	4.218E-07	0	8.835E-07	0	6.57E-08	-1.337E-07	1.863E-07	9.98E-08	7.943E-07	0	0	0	-5.83E-08	0.000000148	-1.909E-07	0	2.9E-09	0
38	38	9.83E-08	4.668E-07	0	-7.248E-07	0	-7.133E-07	0	0.00000022	6.662E-07	-8.681E-07	1.589E-07	0	6.722E-07	5.577E-07	-2.017E-07	0.000000076	4.11E-08	-7.928E-07	0	0	3.465E-07	-5.457E-07	0	2.328E-07	-2.147E-07	0	2.11E-08	0	0.000000128	9.77E-08	0	0	8.335E-07	0	8.255E-07	0	-3.37E-08	-0.000000146	1.85E-08	0.000000153	2.474E-07	0	0	0	-6.86E-08	-4.179E-07	3.286E-07	0	-1.41E-08	0
39	39	9.18E-08	5.257E-07	0	-8.005E-07	0	-0.000000669	0	3.76E-08	7.943E-07	-7.529E-07	-1.344E-07	0	7.667E-07	3.347E-07	-4.872E-07	5.68E-08	1.3E-09	-7.116E-07	0	0	3.423E-07	-9.23E-08	0	6.236E-07	-0.000000161	0	0.000000288	0	7.84E-08	1.428E-07	0	0	8.855E-07	0	3.454E-07	0	-1.358E-07	-9.93E-08	-1.471E-07	1.115E-07	-4.453E-07	0	0	0	-4.86E-08	-6.963E-07	6.189E-07	0	-4.14E-08	0
40	40	0.000000084	5.896E-07	0	-8.698E-07	0	-5.842E-07	0	-1.692E-07	8.751E-07	-5.749E-07	-4.054E-07	0	7.412E-07	7.77E-08	-6.599E-07	8.4E-09	-3.65E-08	-4.461E-07	0	0	2.796E-07	3.801E-07	0	7.762E-07	-1.16E-08	0	4.444E-07	0	5.16E-08	0.000000172	0	0	5.538E-07	0	-3.102E-07	0	-1.788E-07	-1.48E-08	-2.182E-07	-3E-10	-8.674E-07	0	0	0	-1.06E-08	-4.993E-07	4.797E-07	0	-6.06E-08	0
41	41	7.51E-08	6.576E-07	0	-9.263E-07	0	-4.572E-07	0	-3.835E-07	8.923E-07	-3.487E-07	-6.146E-07	0	5.951E-07	-1.706E-07	-6.858E-07	-5.69E-08	-6.52E-08	-6.36E-08	0	0	1.773E-07	7.251E-07	0	6.353E-07	0.000000175	0	0.000000428	0	5.64E-08	1.706E-07	0	0	-1.47E-08	0	-8.022E-07	0	-1.342E-07	6.47E-08	-1.557E-07	-1.173E-07	-7.638E-07	0	0	0	2.11E-08	3.63E-08	7.9E-09	0	-5.91E-08	0
42	42	6.55E-08	7.285E-07	0	-9.632E-07	0	-2.904E-07	0	-5.846E-07	8.358E-07	-9.79E-08	-7.294E-07	0	3.507E-07	-3.665E-07	-5.619E-07	-1.223E-07	-7.95E-08	3.369E-07	0	0	6.56E-08	8.344E-07	0	2.526E-07	3.255E-07	0	2.451E-07	0	0.000000089	1.372E-07	0	0	-5.654E-07	0	-8.741E-07	0	-0.000000023	9.83E-08	3.2E-09	-1.714E-07	-1.973E-07	0	0	0	2.56E-08	5.415E-07	-4.679E-07	0	-3.75E-08	0
43	43	5.55E-08	8.003E-07	0	-9.733E-07	0	-9.01E-08	0	-7.506E-07	7.047E-07	1.482E-07	-7.301E-07	0	5.03E-08	-4.748E-07	-3.183E-07	-1.709E-07	-7.73E-08	6.502E-07	0	0	-2.29E-08	0.000000673	0	-2.299E-07	3.799E-07	0	-3.14E-08	0	1.343E-07	8.43E-08	0	0	-8.499E-07	0	-4.879E-07	0	9.54E-08	7.07E-08	1.658E-07	-1.303E-07	4.866E-07	0	0	0	-6E-10	6.691E-07	-6.154E-07	0	-9.3E-09	0
44	44	4.54E-08	8.707E-07	0	-9.502E-07	0	1.326E-07	0	-8.613E-07	5.082E-07	3.582E-07	-6.151E-07	0	-2.508E-07	-4.766E-07	-1.28E-08	-1.899E-07	-6.05E-08	7.928E-07	0	0	-6.18E-08	2.925E-07	0	-6.319E-07	3.158E-07	0	-0.00000029	0	1.721E-07	3.36E-08	0	0	-7.391E-07	0	1.542E-07	0	1.569E-07	0.000000001	0.000000237	-1.73E-08	8.689E-07	0	0	0	-4.04E-08	0.000000333	-3.315E-07	0	7.9E-09	0
45	45	3.56E-08	9.369E-07	0	-8.885E-07	0	3.635E-07	0	-9.004E-07	2.653E-07	0.000000504	-4.022E-07	0	-4.956E-07	-3.745E-07	2.821E-07	-1.741E-07	-3.47E-08	7.264E-07	0	0	-3.88E-08	-1.844E-07	0	-8.022E-07	1.572E-07	0	-4.258E-07	0	1.853E-07	0.000000006	0	0	-2.837E-07	0	0.000000714	0	1.292E-07	-6.78E-08	1.743E-07	1.023E-07	7.146E-07	0	0	0	-6.63E-08	-2.325E-07	1.839E-07	0	3.6E-09	0
46	46	2.65E-08	9.961E-07	0	-7.855E-07	0	5.859E-07	0	-0.000000859	0.000000003	5.657E-07	-1.262E-07	0	-6.369E-07	-1.923E-07	4.958E-07	-1.271E-07	-7.4E-09	4.694E-07	0	0	4.06E-08	-6.026E-07	0	-6.763E-07	-3.39E-08	0	-3.835E-07	0	1.668E-07	1.29E-08	0	0	3.078E-07	0	8.958E-07	0	3.08E-08	-9.35E-08	1.34E-08	1.592E-07	1.184E-07	0	0	0	-5.94E-08	-6.348E-07	5.679E-07	0	-1.87E-08	0
47	47	1.83E-08	1.0456E-06	0	-6.409E-07	0	7.824E-07	0	-7.364E-07	-2.476E-07	5.352E-07	1.661E-07	0	-6.475E-07	2.87E-08	5.767E-07	-6.13E-08	1.35E-08	9.28E-08	0	0	1.547E-07	-8.255E-07	0	-0.000000302	-1.825E-07	0	-1.805E-07	0	1.229E-07	5.11E-08	0	0	7.633E-07	0	6.035E-07	0	-7.96E-08	-5.87E-08	-1.528E-07	1.203E-07	-5.515E-07	0	0	0	-2.27E-08	-5.956E-07	5.496E-07	0	-4.37E-08	0
48	48	1.13E-08	1.0832E-06	0	-4.582E-07	0	9.372E-07	0	-5.419E-07	-4.555E-07	4.181E-07	4.241E-07	0	-5.266E-07	2.389E-07	5.057E-07	0.000000006	2.22E-08	-2.985E-07	0	0	2.719E-07	-7.796E-07	0	1.775E-07	-2.305E-07	0	9.93E-08	0	0.00000007	1.046E-07	0	0	8.723E-07	0	-6.4E-09	0	-1.365E-07	1.91E-08	-2.276E-07	9.1E-09	-8.803E-07	0	0	0	1.97E-08	-1.443E-07	1.427E-07	0	-5.35E-08	0
49	49	5.7E-09	1.1058E-06	0	-2.587E-07	0	1.0328E-06	0	-3.098E-07	-5.879E-07	2.466E-07	5.946E-07	0	-3.165E-07	3.836E-07	3.169E-07	5.42E-08	1.77E-08	-5.807E-07	0	0	3.555E-07	-5.043E-07	0	5.579E-07	-1.686E-07	0	3.278E-07	0	2.82E-08	0.000000148	0	0	6.116E-07	0	-5.747E-07	0	-1.102E-07	9.27E-08	-0.000000175	-0.000000102	-6.914E-07	0	0	0	3.84E-08	3.708E-07	-3.339E-07	0	-0.000000041	0
50	50	8E-10	1.1151E-06	0	-4.16E-08	0	1.0728E-06	0	-4.98E-08	-6.443E-07	4.01E-08	6.686E-07	0	-5.16E-08	4.479E-07	5.28E-08	7.61E-08	3.3E-09	-7.088E-07	0	0	3.927E-07	-8.44E-08	0	7.384E-07	-0.00000003	0	4.375E-07	0	2.7E-09	1.684E-07	0	0	1.049E-07	0	-8.633E-07	0	-2.01E-08	1.301E-07	-3.09E-08	-1.599E-07	-1.227E-07	0	0	0	2.57E-08	6.483E-07	-5.959E-07	0	-1.17E-08	0
51	51	-8E-10	1.1151E-06	0	4.16E-08	0	1.0728E-06	0	4.98E-08	-6.443E-07	-4.01E-08	6.686E-07	0	5.16E-08	4.479E-07	-5.28E-08	7.61E-08	-3.3E-09	-7.088E-07	0	0	3.927E-07	8.44E-08	0	7.384E-07	0.00000003	0	4.375E-07	0	-2.7E-09	1.684E-07	0	0	-1.049E-07	0	-8.633E-07	0	2.01E-08	1.301E-07	3.08E-08	-1.599E-07	1.224E-07	0	0	0	1.39E-08	6.456E-07	-5.951E-07	0	-2E-10	0
52	101	1E-10	1.8E-09	0	-1.7E-09	0	2E-10	0	-1.4E-09	2.5E-09	-3.8E-09	5.1E-09	0	-4.5E-09	4.7E-09	1.73E-08	1.55E-08	-2.26E-08	3.52E-08	0	0	0	4.47E-08	0	2.79E-08	6.42E-08	0	1.217E-07	0	-5.64E-08	-8.6E-09	0	0	1.272E-07	0	1.335E-07	0	-2.43E-08	-3.85E-08	-1.367E-07	2.044E-07	2.489E-07	0	0	0	-2.178E-07	6.71E-08	-3.781E-07	0	1.331E-07	0
53	792	0	1.1154E-06	0	0	0	1.0739E-06	0	0	-6.458E-07	0	6.706E-07	0	0	4.496E-07	0	7.66E-08	0	-7.122E-07	0	0	3.939E-07	0	0	7.432E-07	0	0	4.405E-07	0	0	1.691E-07	0	0	0	0	-8.711E-07	0	0	1.312E-07	-1E-10	-1.615E-07	-1E-10	0	0	0	0.00000002	6.547E-07	-6.027E-07	0	-6.1E-09	0
54	800	6.56E-08	-9.95E-08	0	-1.559E-07	0	2.169E-07	0	2.701E-07	2.522E-07	0.000000148	-3.13E-08	0	-2.876E-07	2.853E-07	-3.336E-07	7.875E-07	0.000000754	2.138E-07	0	0	1.471E-07	1.263E-07	0	-5.632E-07	-9.959E-07	0	1.1123E-06	0	0.000000757	-2.457E-07	0	0	-1.997E-07	0	-3.52E-08	0	1.075E-07	7.4E-09	8.928E-07	9.392E-07	-0.000000256	0	0	0	4.985E-07	-3.484E-07	-0.000000466	0	-2.966E-07	0
55	801	4.82E-08	-6.72E-08	0	-1.064E-07	0	1.489E-07	0	1.829E-07	1.596E-07	7.45E-08	-5.96E-08	0	-2.412E-07	0.000000219	-2.217E-07	5.235E-07	4.799E-07	9.26E-08	0	0	9.27E-08	1.618E-07	0	-0.00000053	-8.491E-07	0	0.000000895	0	6.018E-07	-0.000000182	0	0	-9.24E-08	0	-1.392E-07	0	1.896E-07	-4.19E-08	1.0235E-06	1.0615E-06	-2.276E-07	0	0	0	7.692E-07	-5.892E-07	-7.095E-07	0	-4.814E-07	0
56	802	2.77E-08	-3.56E-08	0	-5.71E-08	0	8.12E-08	0	9.92E-08	8.15E-08	2.81E-08	-5.08E-08	0	-0.00000015	1.253E-07	-1.086E-07	2.661E-07	2.323E-07	1.58E-08	0	0	4.66E-08	1.269E-07	0	-0.000000345	-5.133E-07	0	0.000000519	0	3.493E-07	-1.028E-07	0	0	-2.53E-08	0	-1.204E-07	0	1.561E-07	-4.77E-08	7.384E-07	7.679E-07	-1.711E-07	0	0	0	6.469E-07	-4.681E-07	-6.297E-07	0	-4.037E-07	0
57	803	1.34E-08	-1.61E-08	0	-2.65E-08	0	3.89E-08	0	0.000000048	3.87E-08	1.15E-08	-2.77E-08	0	-7.49E-08	6.13E-08	-5.14E-08	1.263E-07	1.099E-07	0.000000007	0	0	2.25E-08	5.87E-08	0	-1.688E-07	-0.000000272	0	0.000000287	0	0.000000187	-5.33E-08	0	0	-4.44E-08	0	-2.35E-08	0	9.26E-08	-0.00000004	4.345E-07	4.734E-07	-1.776E-07	0	0	0	4.312E-07	-2.333E-07	-4.894E-07	0	-2.618E-07	0
58	804	-1E-10	1.8E-09	0	1.7E-09	0	2E-10	0	1.4E-09	2.5E-09	3.8E-09	5.1E-09	0	4.5E-09	4.7E-09	-1.73E-08	1.55E-08	2.26E-08	3.52E-08	0	0	0	-4.47E-08	0	2.79E-08	-6.42E-08	0	1.217E-07	0	5.64E-08	-8.6E-09	0	0	-1.272E-07	0	1.335E-07	0	2.43E-08	-3.85E-08	1.368E-07	2.045E-07	-2.487E-07	0	0	0	2.073E-07	5.01E-08	-3.755E-07	0	-1.137E-07	0
59	805	-1.36E-08	1.99E-08	0	2.99E-08	0	-3.82E-08	0	-4.48E-08	-3.17E-08	2.1E-09	4.88E-08	0	9.24E-08	-0.000000044	-1.43E-08	-6.72E-08	-2.74E-08	1.188E-07	0	0	-2.57E-08	-2.102E-07	0	2.586E-07	6.81E-08	0	9.64E-08	0	-0.00000001	2.96E-08	0	0	-3.431E-07	0	4.144E-07	0	-2.34E-08	-7.03E-08	-4.59E-08	1.062E-07	-5.177E-07	0	0	0	1.234E-07	3.636E-07	-5.163E-07	0	-5.58E-08	0
60	806	-2.78E-08	3.98E-08	0	6.05E-08	0	-7.98E-08	0	-9.47E-08	-6.56E-08	8.4E-09	1.072E-07	0	1.922E-07	-8.49E-08	-3.93E-08	-1.361E-07	-5.69E-08	2.459E-07	0	0	-5.69E-08	-4.178E-07	0	5.053E-07	1.568E-07	0	1.431E-07	0	-4.57E-08	0.000000067	0	0	-0.000000609	0	7.185E-07	0	-5.53E-08	-1.143E-07	-1.737E-07	7.17E-08	-8.101E-07	0	0	0	0.00000008	6.308E-07	-6.794E-07	0	-2.61E-08	0
61	807	-4.82E-08	7.17E-08	0	0.000000109	0	-1.463E-07	0	-1.744E-07	-1.121E-07	3.72E-08	2.228E-07	0	3.521E-07	-1.149E-07	-1.405E-07	-2.163E-07	-7.44E-08	5.019E-07	0	0	-0.000000119	-7.653E-07	0	8.351E-07	1.898E-07	0	3.091E-07	0	-5.43E-08	1.235E-07	0	0	-9.789E-07	0	1.0494E-06	0	-4.74E-08	-0.000000188	-2.336E-07	1.072E-07	-0.000001074	0	0	0	7.18E-08	7.607E-07	-7.723E-07	0	-0.000000025	0
62	808	-6.54E-08	1.039E-07	0	1.574E-07	0	-2.147E-07	0	-2.547E-07	-1.462E-07	9.22E-08	3.611E-07	0	4.955E-07	-9.16E-08	-3.047E-07	-2.671E-07	-7.53E-08	7.694E-07	0	0	-0.000000188	-1.0417E-06	0	9.884E-07	1.059E-07	0	4.834E-07	0	-3.81E-08	1.717E-07	0	0	-1.1052E-06	0	1.0074E-06	0	2.97E-08	-2.297E-07	-1.423E-07	1.642E-07	-8.837E-07	0	0	0	8.54E-08	4.486E-07	-5.073E-07	0	-4.12E-08	0
63	816	0	0	0	0	0	0	0	0	0	0	0	0	0	0	0	0	0	0	0	0	0	0	0	0	0	0	0	0	0	0	0	0	0	0	0	0	0	0	0	0	0	0	0	0	0	0	0	0	0	0
64	817	-2.1E-09	1.3E-09	0	4.2E-09	0	-1.09E-08	0	-1.73E-08	-2.34E-08	-2.56E-08	-2.41E-08	0	-2.68E-08	2.19E-08	-0.000000022	5.85E-08	6.51E-08	0.000000028	0	0	2.57E-08	-1.43E-08	0	4.78E-08	0.000000078	0	-0.000000118	0	-1.299E-07	9.61E-08	0	0	3.06E-08	0	-5.87E-08	0	9.33E-08	-0.000000047	3.756E-07	3.932E-07	-1.272E-07	0	0	0	-4.338E-07	3.869E-07	3.687E-07	0	2.875E-07	0
65	818	-4.1E-09	3.1E-09	0	8.6E-09	0	-2.12E-08	0	-3.32E-08	-0.000000045	-4.94E-08	-4.65E-08	0	-5.16E-08	4.25E-08	-4.26E-08	1.115E-07	1.239E-07	5.35E-08	0	0	4.83E-08	-2.73E-08	0	9.12E-08	1.496E-07	0	-2.235E-07	0	-2.424E-07	1.769E-07	0	0	5.83E-08	0	-0.00000011	0	1.743E-07	-8.78E-08	6.981E-07	7.309E-07	-2.355E-07	0	0	0	-7.928E-07	7.091E-07	6.754E-07	0	0.00000053	0
66	819	-5.6E-09	5.4E-09	0	1.31E-08	0	-2.96E-08	0	-4.59E-08	-6.22E-08	-6.83E-08	-6.44E-08	0	-7.13E-08	5.91E-08	-5.92E-08	1.518E-07	1.683E-07	0.000000073	0	0	6.46E-08	-3.74E-08	0	1.238E-07	2.042E-07	0	-3.003E-07	0	-3.189E-07	2.279E-07	0	0	7.87E-08	0	-1.448E-07	0	2.277E-07	-1.148E-07	9.057E-07	9.484E-07	-3.036E-07	0	0	0	-9.977E-07	8.958E-07	0.000000852	0	6.736E-07	0
67	820	-6.5E-09	8.2E-09	0	0.000000017	0	-3.46E-08	0	-5.29E-08	-7.16E-08	-7.87E-08	-0.000000074	0	-8.18E-08	6.86E-08	-6.85E-08	1.704E-07	1.879E-07	8.21E-08	0	0	7.01E-08	-4.21E-08	0	1.381E-07	2.296E-07	0	-3.288E-07	0	-0.000000337	2.321E-07	0	0	8.69E-08	0	-1.529E-07	0	2.371E-07	-1.197E-07	9.317E-07	9.757E-07	-3.083E-07	0	0	0	-9.674E-07	8.749E-07	8.296E-07	0	6.647E-07	0
68	821	-0.000000006	9.9E-09	0	1.81E-08	0	-3.29E-08	0	-4.93E-08	-6.67E-08	-7.33E-08	-6.88E-08	0	-7.59E-08	6.43E-08	-6.41E-08	0.000000154	1.685E-07	7.42E-08	0	0	6.02E-08	-3.81E-08	0	1.234E-07	2.071E-07	0	-0.000000287	0	-2.809E-07	1.841E-07	0	0	7.64E-08	0	-1.269E-07	0	1.928E-07	-9.76E-08	7.439E-07	7.789E-07	-2.413E-07	0	0	0	-7.041E-07	6.426E-07	6.061E-07	0	4.929E-07	0
69	822	-0.000000004	8.1E-09	0	1.36E-08	0	-2.23E-08	0	-3.26E-08	-0.000000044	-4.84E-08	-4.52E-08	0	-4.98E-08	4.26E-08	-4.24E-08	9.82E-08	1.064E-07	4.72E-08	0	0	3.59E-08	-2.44E-08	0	7.75E-08	1.314E-07	0	-1.752E-07	0	-1.617E-07	9.89E-08	0	0	0.000000047	0	-7.24E-08	0	1.068E-07	-5.43E-08	4.021E-07	4.208E-07	-1.265E-07	0	0	0	-3.268E-07	3.026E-07	2.827E-07	0	2.349E-07	0
70	823	0	0	0	0	0	0	0	0	0	0	0	0	0	0	0	0	0	0	0	0	0	0	0	0	0	0	0	0	0	0	0	0	0	0	0	0	0	0	0	0	0	0	0	0	0	0	0	0	0	0
71	824	6.6E-09	-2.01E-08	0	-2.93E-08	0	3.88E-08	0	5.38E-08	7.18E-08	7.87E-08	7.27E-08	0	7.98E-08	-0.00000007	7.02E-08	-1.482E-07	-1.561E-07	-7.07E-08	0	0	-4.31E-08	3.74E-08	0	-1.138E-07	-2.002E-07	0	0.000000237	0	1.745E-07	-7.44E-08	0	0	-0.000000066	0	7.78E-08	0	-1.001E-07	5.14E-08	-3.345E-07	-3.491E-07	8.71E-08	0	0	0	2.72E-08	-4.84E-08	-0.000000031	0	-0.000000052	0
72	825	2.05E-08	-6.63E-08	0	-0.000000095	0	1.225E-07	0	1.683E-07	2.241E-07	0.000000245	2.245E-07	0	2.432E-07	-2.126E-07	2.103E-07	-4.299E-07	-4.473E-07	-2.027E-07	0	0	-1.154E-07	0.000000105	0	-3.075E-07	-5.381E-07	0	6.203E-07	0	4.339E-07	-1.627E-07	0	0	-1.689E-07	0	1.777E-07	0	-2.145E-07	1.133E-07	-6.531E-07	-0.000000679	1.455E-07	0	0	0	-2.359E-07	1.546E-07	1.892E-07	0	8.99E-08	0
73	826	3.71E-08	-1.205E-07	0	-1.722E-07	0	2.208E-07	0	3.028E-07	4.017E-07	4.371E-07	3.962E-07	0	4.188E-07	-3.626E-07	3.486E-07	-6.883E-07	-7.082E-07	-3.199E-07	0	0	-1.751E-07	1.579E-07	0	-4.347E-07	-7.446E-07	0	8.445E-07	0	5.812E-07	-2.017E-07	0	0	-2.163E-07	0	1.971E-07	0	-2.189E-07	1.228E-07	-5.645E-07	-5.821E-07	8.88E-08	0	0	0	-5.802E-07	4.619E-07	4.902E-07	0	3.315E-07	0
74	827	5.43E-08	-1.739E-07	0	-2.487E-07	0	3.198E-07	0	4.383E-07	5.784E-07	6.245E-07	5.575E-07	0	5.692E-07	-4.843E-07	4.462E-07	-8.417E-07	-8.521E-07	-3.818E-07	0	0	-2.003E-07	1.738E-07	0	-4.285E-07	-6.989E-07	0	7.846E-07	0	5.539E-07	-1.952E-07	0	0	-1.738E-07	0	1.171E-07	0	-1.092E-07	7.72E-08	-1.067E-07	-1.006E-07	-4.45E-08	0	0	0	-6.592E-07	5.805E-07	5.809E-07	0	4.635E-07	0
75	828	7.03E-08	-0.000000217	0	-3.123E-07	0	4.057E-07	0	5.565E-07	7.287E-07	7.776E-07	6.795E-07	0	6.576E-07	-5.451E-07	4.666E-07	-8.157E-07	-8.067E-07	-3.571E-07	0	0	-1.829E-07	1.369E-07	0	-2.575E-07	-3.522E-07	0	3.995E-07	0	3.379E-07	-1.464E-07	0	0	-3.96E-08	0	-3.71E-08	0	6.54E-08	-3.3E-09	4.965E-07	5.254E-07	-1.738E-07	0	0	0	-3.248E-07	3.399E-07	3.051E-07	0	3.025E-07	0
76	829	8.37E-08	-2.455E-07	0	-3.563E-07	0	4.691E-07	0	6.434E-07	8.329E-07	8.746E-07	0.000000742	0	6.647E-07	-5.294E-07	3.997E-07	-5.999E-07	-5.645E-07	-2.444E-07	0	0	-1.219E-07	5.61E-08	0	2.22E-08	1.723E-07	0	-1.637E-07	0	2.45E-08	-8.72E-08	0	0	1.267E-07	0	-1.802E-07	0	1.919E-07	-6.29E-08	8.609E-07	8.946E-07	-2.062E-07	0	0	0	2.302E-07	-1.239E-07	-1.733E-07	0	-5.08E-08	0
77	830	9.38E-08	-2.588E-07	0	-0.000000379	0	5.055E-07	0	6.917E-07	8.806E-07	9.049E-07	7.371E-07	0	5.893E-07	-0.00000044	2.581E-07	-0.000000237	-1.749E-07	-6.85E-08	0	0	-2.95E-08	-4.41E-08	0	3.091E-07	6.726E-07	0	-6.809E-07	0	-2.583E-07	-4.53E-08	0	0	2.497E-07	0	-2.354E-07	0	1.925E-07	-6.32E-08	7.644E-07	7.796E-07	-1.173E-07	0	0	0	0.000000634	-4.989E-07	-5.284E-07	0	-0.000000349	0
78	831	1.002E-07	-2.581E-07	0	-3.814E-07	0	5.145E-07	0	7.001E-07	8.718E-07	8.701E-07	6.701E-07	0	4.472E-07	-2.949E-07	7.11E-08	1.974E-07	2.791E-07	1.307E-07	0	0	7.38E-08	-1.337E-07	0	5.011E-07	9.605E-07	0	-9.497E-07	0	-3.963E-07	-4.12E-08	0	0	2.747E-07	0	-1.726E-07	0	6.06E-08	1.3E-09	2.545E-07	2.381E-07	4.23E-08	0	0	0	6.174E-07	-5.345E-07	-0.000000518	0	-3.853E-07	0
79	832	0.000000103	-2.455E-07	0	-3.664E-07	0	4.987E-07	0	6.728E-07	8.141E-07	0.000000782	5.561E-07	0	2.659E-07	-1.224E-07	-0.000000124	6.155E-07	7.041E-07	3.093E-07	0	0	1.662E-07	-1.866E-07	0	5.316E-07	9.297E-07	0	-8.663E-07	0	-3.329E-07	-7.96E-08	0	0	1.902E-07	0	-2.23E-08	0	-1.369E-07	1.004E-07	-3.862E-07	-4.289E-07	1.793E-07	0	0	0	1.944E-07	-2.098E-07	-1.499E-07	0	-1.371E-07	0
80	833	1.022E-07	-0.000000224	0	-3.375E-07	0	4.627E-07	0	0.000000617	7.203E-07	6.581E-07	4.161E-07	0	7.72E-08	4.67E-08	-2.909E-07	9.398E-07	1.0197E-06	4.309E-07	0	0	2.299E-07	-0.000000188	0	3.902E-07	5.908E-07	0	-4.598E-07	0	-0.000000089	-1.476E-07	0	0	3.16E-08	0	1.417E-07	0	-2.982E-07	1.855E-07	-0.000000803	-8.507E-07	2.137E-07	0	0	0	-3.513E-07	2.558E-07	3.257E-07	0	2.216E-07	0
81	834	9.79E-08	-1.964E-07	0	-2.988E-07	0	4.116E-07	0	5.407E-07	6.042E-07	5.165E-07	2.707E-07	0	-0.00000009	1.855E-07	-4.017E-07	1.1176E-06	1.1745E-06	4.743E-07	0	0	0.000000255	-1.381E-07	0	1.231E-07	6.02E-08	0	0.000000126	0	0.000000248	-0.000000219	0	0	-1.368E-07	0	2.399E-07	0	-3.398E-07	2.141E-07	-7.655E-07	-7.931E-07	1.245E-07	0	0	0	-6.586E-07	5.532E-07	5.871E-07	0	4.429E-07	0
82	835	9.03E-08	-1.652E-07	0	-2.537E-07	0	3.507E-07	0	4.528E-07	4.801E-07	3.754E-07	1.392E-07	0	-2.132E-07	2.751E-07	-4.426E-07	0.000001134	1.1589E-06	4.385E-07	0	0	2.424E-07	-5.19E-08	0	-0.000000184	-4.843E-07	0	6.895E-07	0	5.608E-07	-2.679E-07	0	0	-2.494E-07	0	2.273E-07	0	-0.000000244	1.752E-07	-0.000000291	-2.844E-07	-3.91E-08	0	0	0	-5.264E-07	4.884E-07	4.569E-07	0	3.752E-07	0
83	836	7.95E-08	-1.324E-07	0	-2.054E-07	0	2.847E-07	0	3.608E-07	3.601E-07	2.495E-07	3.58E-08	0	-2.799E-07	3.075E-07	-0.000000415	1.0091E-06	1.0009E-06	3.414E-07	0	0	2.016E-07	4.59E-08	0	-4.369E-07	-8.714E-07	0	0.00000105	0	7.476E-07	-2.777E-07	0	0	-2.684E-07	0	1.152E-07	0	-0.000000064	9.21E-08	3.736E-07	4.097E-07	-1.897E-07	0	0	0	-3.95E-08	1.058E-07	1.47E-08	0	6.17E-08	0
84	837	-7.93E-08	1.365E-07	0	2.067E-07	0	-2.862E-07	0	-3.343E-07	-1.626E-07	1.758E-07	5.125E-07	0	0.000000601	-9.9E-09	-5.075E-07	-0.000000292	-7.46E-08	9.847E-07	0	0	-2.484E-07	-1.1584E-06	0	9.006E-07	-5.57E-08	0	5.681E-07	0	-2.83E-08	2.028E-07	0	0	-8.941E-07	0	0.000000566	0	1.403E-07	-2.153E-07	0.000000026	1.686E-07	-2.812E-07	0	0	0	7.93E-08	-1.256E-07	1.62E-08	0	-3.97E-08	0
85	838	-9.02E-08	1.698E-07	0	0.000000258	0	-3.615E-07	0	-4.098E-07	-1.553E-07	0.000000287	6.615E-07	0	6.468E-07	1.249E-07	-7.115E-07	-0.00000029	-7.88E-08	1.0869E-06	0	0	-2.806E-07	-1.0591E-06	0	5.754E-07	-2.373E-07	0	5.069E-07	0	-4.26E-08	2.082E-07	0	0	-3.926E-07	0	-1.014E-07	0	2.276E-07	-1.471E-07	1.715E-07	9.49E-08	0.000000436	0	0	0	4.23E-08	-6.062E-07	4.952E-07	0	-8.7E-09	0
86	839	-9.82E-08	2.043E-07	0	3.123E-07	0	-4.395E-07	0	-0.000000475	-1.183E-07	4.201E-07	7.871E-07	0	6.151E-07	0.000000297	-8.722E-07	-2.603E-07	-8.86E-08	1.0333E-06	0	0	-2.682E-07	-7.421E-07	0	9.46E-08	-3.752E-07	0	3.017E-07	0	-8.38E-08	1.854E-07	0	0	2.238E-07	0	-6.983E-07	0	2.435E-07	-5.49E-08	2.119E-07	-2.94E-08	8.832E-07	0	0	0	-7.8E-09	-6.879E-07	6.327E-07	0	3.76E-08	0
87	840	-1.037E-07	2.404E-07	0	3.704E-07	0	-5.173E-07	0	-5.218E-07	-4.76E-08	5.644E-07	8.664E-07	0	4.981E-07	4.805E-07	-9.477E-07	-2.055E-07	-1.008E-07	8.139E-07	0	0	-2.041E-07	-2.689E-07	0	-4.013E-07	-4.195E-07	0	1.24E-08	0	-1.408E-07	1.412E-07	0	0	7.189E-07	0	-9.469E-07	0	1.757E-07	0.000000018	0.000000123	-1.431E-07	8.135E-07	0	0	0	-3.98E-08	-3.199E-07	3.446E-07	0	7.09E-08	0
88	841	-1.068E-07	2.787E-07	0	4.332E-07	0	-5.909E-07	0	-5.419E-07	5.73E-08	7.048E-07	8.799E-07	0	3.026E-07	6.436E-07	-9.096E-07	-1.334E-07	-1.105E-07	4.596E-07	0	0	-9.45E-08	0.000000247	0	-7.575E-07	-3.531E-07	0	-2.638E-07	0	-1.951E-07	9.19E-08	0	0	8.954E-07	0	-7.305E-07	0	5.67E-08	0.000000037	-4.76E-08	-1.865E-07	2.715E-07	0	0	0	-3.26E-08	2.535E-07	-1.733E-07	0	7.04E-08	0
89	842	-1.077E-07	3.198E-07	0	5.006E-07	0	-6.542E-07	0	-5.264E-07	1.922E-07	8.224E-07	8.128E-07	0	5.01E-08	7.525E-07	-7.478E-07	-5.58E-08	-1.117E-07	3.53E-08	0	0	4.26E-08	6.717E-07	0	-8.576E-07	-1.969E-07	0	-4.294E-07	0	-0.000000226	5.44E-08	0	0	6.815E-07	0	-1.562E-07	0	-5.47E-08	-2.6E-09	-0.000000206	-1.358E-07	-4.263E-07	0	0	0	0.000000009	6.516E-07	-5.719E-07	0	3.81E-08	0
90	843	-1.064E-07	3.644E-07	0	5.725E-07	0	-0.0000007	0	-4.687E-07	3.478E-07	8.976E-07	6.613E-07	0	-2.248E-07	7.798E-07	-4.779E-07	1.34E-08	-1.005E-07	-0.000000371	0	0	1.798E-07	8.897E-07	0	-6.681E-07	-5.5E-09	0	-4.243E-07	0	-0.000000221	4.17E-08	0	0	1.688E-07	0	4.902E-07	0	-1.029E-07	-0.000000074	-2.632E-07	-1.87E-08	-8.692E-07	0	0	0	5.66E-08	6.091E-07	-5.805E-07	0	-1.7E-09	0
91	844	-1.033E-07	4.131E-07	0	6.476E-07	0	-7.216E-07	0	-3.659E-07	5.109E-07	9.152E-07	4.352E-07	0	-4.794E-07	7.127E-07	-1.413E-07	6.07E-08	-0.000000076	-6.695E-07	0	0	2.884E-07	8.413E-07	0	-2.556E-07	1.515E-07	0	-2.516E-07	0	-1.824E-07	5.79E-08	0	0	-4.218E-07	0	8.835E-07	0	-6.57E-08	-1.337E-07	-1.864E-07	9.98E-08	-7.945E-07	0	0	0	7.81E-08	1.558E-07	-1.935E-07	0	-1.95E-08	0
92	845	-9.83E-08	4.668E-07	0	7.248E-07	0	-7.133E-07	0	-0.00000022	6.662E-07	8.681E-07	1.589E-07	0	-6.722E-07	5.577E-07	2.017E-07	0.000000076	-4.11E-08	-7.928E-07	0	0	3.465E-07	5.457E-07	0	2.328E-07	2.147E-07	0	2.11E-08	0	-0.000000128	9.77E-08	0	0	-8.335E-07	0	8.255E-07	0	3.37E-08	-0.000000146	-1.86E-08	0.000000153	-2.476E-07	0	0	0	6.06E-08	-4.012E-07	3.238E-07	0	-8E-10	0
93	846	-9.18E-08	5.257E-07	0	8.005E-07	0	-0.000000669	0	-3.76E-08	7.943E-07	7.529E-07	-1.344E-07	0	-7.667E-07	3.347E-07	4.872E-07	5.68E-08	-1.3E-09	-7.116E-07	0	0	3.423E-07	9.23E-08	0	6.236E-07	0.000000161	0	0.000000288	0	-7.84E-08	1.428E-07	0	0	-8.855E-07	0	3.454E-07	0	1.358E-07	-9.93E-08	1.471E-07	1.114E-07	4.453E-07	0	0	0	1.68E-08	-6.846E-07	6.157E-07	0	4.02E-08	0
94	847	-0.000000084	5.896E-07	0	8.698E-07	0	-5.842E-07	0	1.692E-07	8.751E-07	5.749E-07	-4.054E-07	0	-7.412E-07	7.77E-08	6.599E-07	8.4E-09	3.65E-08	-4.461E-07	0	0	2.796E-07	-3.801E-07	0	7.762E-07	1.16E-08	0	4.444E-07	0	-5.16E-08	0.000000172	0	0	-5.538E-07	0	-3.102E-07	0	1.788E-07	-1.48E-08	2.183E-07	-3E-10	8.676E-07	0	0	0	-2.26E-08	-5.024E-07	4.806E-07	0	7.32E-08	0
95	848	-7.51E-08	6.576E-07	0	9.263E-07	0	-4.572E-07	0	3.835E-07	8.923E-07	3.487E-07	-6.146E-07	0	-5.951E-07	-1.706E-07	6.858E-07	-5.69E-08	6.52E-08	-6.36E-08	0	0	1.773E-07	-7.251E-07	0	6.353E-07	-0.000000175	0	0.000000428	0	-5.64E-08	1.706E-07	0	0	1.47E-08	0	-8.022E-07	0	1.342E-07	6.47E-08	1.558E-07	-1.173E-07	0.000000764	0	0	0	-3.09E-08	2.01E-08	1.23E-08	0	7.37E-08	0
96	849	-6.55E-08	7.285E-07	0	9.632E-07	0	-2.904E-07	0	5.846E-07	8.358E-07	9.79E-08	-7.294E-07	0	-3.507E-07	-3.665E-07	5.619E-07	-1.223E-07	7.95E-08	3.369E-07	0	0	6.56E-08	-8.344E-07	0	2.526E-07	-3.255E-07	0	2.451E-07	0	-0.000000089	1.372E-07	0	0	5.654E-07	0	-8.742E-07	0	0.000000023	9.83E-08	-3.2E-09	-1.713E-07	1.973E-07	0	0	0	-3.4E-09	5.245E-07	-4.634E-07	0	4.15E-08	0
97	850	-5.55E-08	8.003E-07	0	9.733E-07	0	-9.01E-08	0	7.506E-07	7.047E-07	-1.482E-07	-7.301E-07	0	-5.03E-08	-4.748E-07	3.183E-07	-1.709E-07	7.73E-08	6.502E-07	0	0	-2.29E-08	-0.000000673	0	-2.299E-07	-3.799E-07	0	-3.14E-08	0	-1.343E-07	8.43E-08	0	0	8.499E-07	0	-4.879E-07	0	-9.54E-08	7.07E-08	-1.659E-07	-1.303E-07	-4.868E-07	0	0	0	3.93E-08	0.000000664	-6.143E-07	0	-1E-10	0
98	851	-4.54E-08	8.707E-07	0	9.502E-07	0	1.326E-07	0	8.613E-07	5.082E-07	-3.582E-07	-6.151E-07	0	2.508E-07	-4.766E-07	1.28E-08	-1.899E-07	6.05E-08	7.928E-07	0	0	-6.18E-08	-2.925E-07	0	-6.319E-07	-3.158E-07	0	-0.00000029	0	-1.721E-07	3.36E-08	0	0	7.391E-07	0	1.542E-07	0	-1.569E-07	0.000000001	-2.371E-07	-1.73E-08	-8.691E-07	0	0	0	6.68E-08	3.431E-07	-3.346E-07	0	-2.17E-08	0
99	852	-3.56E-08	9.369E-07	0	8.885E-07	0	3.635E-07	0	9.004E-07	2.653E-07	-0.000000504	-4.022E-07	0	4.956E-07	-3.745E-07	-2.821E-07	-1.741E-07	3.47E-08	7.264E-07	0	0	-3.88E-08	1.844E-07	0	-8.022E-07	-1.572E-07	0	-4.258E-07	0	-1.853E-07	0.000000006	0	0	2.837E-07	0	0.000000714	0	-1.292E-07	-6.78E-08	-1.744E-07	1.023E-07	-7.147E-07	0	0	0	0.00000006	-2.161E-07	1.792E-07	0	-9.4E-09	0
100	853	-2.65E-08	9.961E-07	0	7.855E-07	0	5.859E-07	0	0.000000859	0.000000003	-5.657E-07	-1.262E-07	0	6.369E-07	-1.923E-07	-4.958E-07	-1.271E-07	7.4E-09	4.694E-07	0	0	4.06E-08	6.026E-07	0	-6.763E-07	3.39E-08	0	-3.835E-07	0	-1.668E-07	1.29E-08	0	0	-3.078E-07	0	8.958E-07	0	-3.08E-08	-9.35E-08	-1.33E-08	1.591E-07	-1.182E-07	0	0	0	2.43E-08	-6.259E-07	5.653E-07	0	2.57E-08	0
101	854	-1.83E-08	1.0456E-06	0	6.409E-07	0	7.824E-07	0	7.364E-07	-2.476E-07	-5.352E-07	1.661E-07	0	6.475E-07	2.87E-08	-5.767E-07	-6.13E-08	-1.35E-08	9.28E-08	0	0	1.547E-07	8.255E-07	0	-0.000000302	1.825E-07	0	-1.805E-07	0	-1.229E-07	5.11E-08	0	0	-7.633E-07	0	6.035E-07	0	7.96E-08	-5.87E-08	1.529E-07	1.203E-07	5.518E-07	0	0	0	-1.52E-08	-6.019E-07	5.512E-07	0	5.64E-08	0
102	855	-1.13E-08	1.0832E-06	0	4.582E-07	0	9.372E-07	0	5.419E-07	-4.555E-07	-4.181E-07	4.241E-07	0	5.266E-07	2.389E-07	-5.057E-07	0.000000006	-2.22E-08	-2.985E-07	0	0	2.719E-07	7.796E-07	0	1.775E-07	2.305E-07	0	9.93E-08	0	-0.00000007	1.046E-07	0	0	-8.723E-07	0	-6.4E-09	0	1.366E-07	1.91E-08	2.277E-07	9.2E-09	8.804E-07	0	0	0	-3.18E-08	-1.613E-07	1.473E-07	0	0.00000006	0
103	856	-5.7E-09	1.1058E-06	0	2.587E-07	0	1.0328E-06	0	3.098E-07	-5.879E-07	-2.466E-07	5.946E-07	0	3.165E-07	3.836E-07	-3.169E-07	5.42E-08	-1.77E-08	-5.807E-07	0	0	3.555E-07	5.043E-07	0	5.579E-07	1.686E-07	0	3.278E-07	0	-2.82E-08	0.000000148	0	0	-6.116E-07	0	-5.747E-07	0	1.102E-07	9.27E-08	0.000000175	-1.019E-07	6.913E-07	0	0	0	-1.76E-08	3.557E-07	-3.298E-07	0	3.61E-08	0
