150
-272
296
-242
62
-18
-36
120
-192
116
-106
26
-50
112
-14
20
202
-156
194
90
-160
282
-146
102
274
-282
512
-270
232
142
-178
580
-486
706
-360
350
262
-266
780
-564
724
-358
280
362
-472
960
-742
800
-130
-60
586
-526
746
-384
486
-48
2
338
-114
288
-2
48
186
-48
276
-156
284
-122
104
64
-186
416
-312
300
72
-164
494
-276
282
234
-348
662
-416
320
104
-126
510
-692
748
-416
154
368
-536
818
-714
496
-116
-168
434
-408
318
-192
72
98
-38
136
-140
106
-186
188
-160
10
60
-296
388
-560
492
-394
130
166
-406
580
-604
576
-352
138
216
-428
654
-656
456
-148
-186
412
-468
350
-104
-104
348
-330
216
34
-160
290
-196
162
-180
232
-14
-132
356
-460
468
-290
116
286
-440
586
-542
246
62
-562
868
-910
1008
-30
210
706
-1046
1152
-1034
490
54
-300
708
-526
582
-360
392
122
-250
414
-252
292
-314
320
-124
164
-18
82
-52
32
76
-158
316
-254
102
130
-342
642
-646
558
-182
-118
212
-156
-64
122
-42
-198
228
-324
116
58
-264
300
-400
384
-332
140
-184
-152
220
-630
800
-742
326
-156
-88
-188
290
-432
86
216
-678
668
-688
208
82
-492
192
-64
-530
480
-706
404
-180
-104
206
-264
54
-164
100
-496
586
-848
588
-202
-598
864
-1000
714
-460
-112
402
-752
562
-356
108
-226
204
-126
-52
128
-666
684
-936
622
-310
-20
134
-598
816
-978
708
-406
-366
784
-880
588
-460
202
156
-526
662
-476
92
350
-398
60
344
-1144
1202
-872
588
-238
436
-490
768
-542
-22
720
-960
838
-258
102
40
-140
286
-388
580
-282
306
462
-710
944
-208
-228
510
-292
-56
546
-226
596
-260
442
-114
32
250
70
270
-302
646
-506
526
-70
60
262
122
-96
554
-664
1194
-1060
970
-164
-330
826
-1010
1682
-1510
1574
-752
284
262
-284
326
-156
396
-342
876
-774
978
-848
1134
-754
650
-178
-192
616
-1066
1580
-1380
708
678
-1660
1698
-1110
24
720
-1094
1274
-1344
1344
