3710
3738
3602
3574
3722
4172
4564
4716
4038
2230
-880
-4990
-9592
-13818
-16786
-18074
-17176
-14496
-10324
-5530
-802
3130
5914
7288
7478
6792
5540
4464
3568
3278
3434
3702
4136
4220
4082
3760
3478
3358
3720
4146
4594
4484
3212
788
-3138
-7784
-12612
-16478
-18784
-18872
-16960
-13232
-8392
-3326
1364
4904
7078
7892
7568
6622
5438
4420
3854
3778
4120
4496
4920
4924
4826
4590
4552
4848
5538
6346
6910
6674
5044
1942
-2592
-7756
-12716
-16418
-18236
-17682
-15120
-10874
-5870
-860
3432
6474
8098
8448
7862
6758
5728
4836
4576
4604
4872
5124
5054
4776
4286
3906
3860
4340
5174
6040
6396
5640
3402
-576
-5624
-11132
-16044
-19230
-20308
-18928
-15528
-10676
-5338
-190
3886
6706
8074
8224
7668
6684
5884
5298
5154
5262
5344
5338
4984
4458
3906
3692
3962
4766
5900
6796
6942
5596
2556
-2224
-7884
-13584
-18062
-20436
-20534
-18106
-14072
-8808
-3558
1336
4890
7230
8254
8208
7724
6898
6388
5854
5842
5656
5548
5204
4544
4070
3524
3716
4256
5450
6656
7486
7196
5252
1458
-3926
-9872
-15628
-19652
-21586
-20858
-18086
-13452
-8268
-3002
1628
4900
7204
8064
8262
7868
7334
6942
6616
6510
6224
5900
5210
4582
3990
3870
4308
5336
6832
8222
9034
8428
6112
1722
-3940
-10266
-15864
-19624
-21246
-20120
-17176
-12590
-7364
-2328
2130
5350
7456
8416
8644
8354
7898
7430
6974
6620
6086
5456
4668
3852
3338
3312
3962
5296
7004
8604
9434
8738
6238
1644
-4258
-10670
-16328
-20128
-21662
-20558
-17666
-13082
-8054
-2946
1548
4980
7358
8568
9030
8828
8488
7860
7336
6574
5738
4696
3536
2524
1834
1914
2632
4236
6142
7966
8896
8334
5780
1178
-4702
-11288
-16948
-21024
-22650
-21930
-19184
-14876
-9834
-4684
92
3908
6662
8396
9130
9354
8980
8574
7702
6920
5616
4418
3052
1830
1340
1138
2218
3602
5824
7596
8842
8468
6208
1878
-4030
-10664
-17006
-21346
-23910
-23336
-21168
-16732
-11800
-6280
-1228
2882
6148
7918
9186
9296
9352
8748
8064
7176
5910
4714
3180
1980
1160
1190
2036
3766
5988
7966
9328
8934
6730
2120
-3872
-10752
-17082
-21514
-23776
-23158
-20676
-16212
-11088
-5598
-508
3530
6768
8648
9862
10200
10320
9882
9448
8456
7192
5676
3848
2518
1550
1792
2874
5018
7426
9732
11046
10642
8376
3460
-2666
-9834
-16414
-21130
-23668
-23376
-21206
-17044
-11994
-6482
-1212
3356
6956
9288
10926
11434
11582
11022
10098
8722
7000
5128
3282
1918
1038
1446
2546
4766
7266
9614
11250
11246
9380
5038
-796
-7660
-14366
-19452
-22414
-22702
-21152
-17644
-13064
-7746
-2518
2368
6226
9216
11152
12036
12380
11828
10896
9340
7582
5406
3440
1756
770
932
1956
4082
6500
8974
10682
11084
9684
6028
520
-5978
-13002
-18600
-22498
-23990
-23346
-20888
-16756
-11854
-6206
-982
3894
7590
10360
11814
12354
12092
11030
9638
7770
5792
3760
2064
906
738
1512
3302
5816
8372
10568
11500
10930
8278
3482
-2512
-9420
-15596
-20400
-23078
-23298
-21742
-18188
-13522
-7896
-2414
2828
7032
10184
12154
12844
12816
11710
10196
8084
5872
3606
1630
264
-168
466
2052
4480
7116
9642
11242
11540
9932
6406
848
-5262
-12000
-17602
-21386
-23582
-23132
-21376
-17558
-12814
-7088
-1322
4174
8654
11806
13832
14076
13694
11964
9872
7488
5014
2784
1206
320
410
1600
3418
6082
8746
11030
12436
12412
10602
6924
1054
-5240
-12236
-17956
-21910
-23942
-23616
-21622
-17570
-12496
-6326
-468
5220
9510
12556
14300
14324
13732
11814
9844
7170
5004
2662
1190
340
474
1950
3884
6994
9690
12248
13528
13454
11392
7388
1368
-5282
-12328
-18222
-22390
-24670
-24596
-22742
-18814
-13452
-7062
-554
5584
10134
13512
14786
14742
13326
10944
8360
5306
2922
484
-946
-1818
-1514
-240
2000
5008
7972
10762
12344
12626
10924
7366
1578
-5046
-12128
-18764
-23460
-26972
-27520
-26422
-22686
-17210
-10680
-3522
2838
8372
11864
14016
13822
12692
10236
7414
4666
1814
-82
-1854
-2398
-2342
-1024
1148
4182
7592
10664
13060
13686
12630
9192
3794
-3146
-10046
-16954
-21862
-25408
-26672
-25780
-23048
-17938
-11914
-4696
2038
8036
12282
14658
15098
13764
11496
8398
5518
2740
576
-834
-1550
-1210
22
2282
5176
8704
11806
14520
15728
15076
12532
7700
944
-6058
-13504
-19602
-23912
-26850
-26506
-24746
-19758
-13452
-5898
1662
8266
13270
15948
17150
15600
13880
10292
7256
3944
1200
-846
-2074
-2264
-1506
800
3432
7492
10764
14030
15722
15706
13620
9420
3374
-4236
-10994
-18322
-23030
-26478
-28084
-26568
-23674
-17788
-10752
-3010
4380
10524
14332
16110
15812
13196
10564
6468
3326
452
-1820
-2786
-3218
-2472
-728
2172
5382
9580
12618
15218
16024
14534
11226
5556
-1906
-9528
-16878
-23252
-26734
-29172
-28188
-25488
-20518
-13658
-6262
1306
7776
12524
14874
15402
13278
10360
6468
2486
-546
-3184
-4570
-4936
-4478
-2816
-90
3130
7254
10770
13628
15034
14170
11326
6374
-226
-7932
-14624
-21494
-25520
-28734
-29372
-28164
-24912
-18748
-11528
-3074
4542
11170
14670
16504
15434
12654
9486
5310
2634
-48
-1438
-2276
-1964
-1238
854
3674
7042
11268
14182
16900
17182
15768
12006
6628
-390
-7604
-14048
-20142
-23396
-26204
-25816
-23900
-19394
-12776
-4918
3146
10414
15834
18502
19282
17132
14230
10232
6512
3380
1002
-568
-1002
-508
888
3706
6820
10866
14472
17300
18786
18226
15622
11060
5048
-2524
-9208
-16010
-21064
-24028
-26264
-25106
-22304
-17192
-9536
-1506
6570
13624
17588
19448
18430
15282
11790
7658
4190
1750
-268
-1160
-1076
-506
1584
4520
8052
12388
15790
18294
19172
17512
13858
8258
974
-6850
-13414
-20122
-23642
-26622
-27086
-24810
-20716
-13796
-5602
2996
10504
16538
18828
19240
16456
12282
8036
3584
732
-1240
-2156
-2190
-1278
-294
2354
5168
8844
12996
15904
17870
17624
15010
10330
4190
-3296
-10504
-16582
-22280
-25282
-27742
-27704
-25580
-21132
-14030
-5652
3256
10646
16380
18024
17726
13902
9288
4484
118
-2288
-3858
-3722
-3274
-1668
-370
2576
5292
9244
13060
15858
17640
16734
14038
8664
2522
-5320
-12192
-18392
-23760
-26390
-28814
-27810
-25224
-19702
-11836
-2776
5892
13420
17660
18676
16920
12340
7454
2538
-1178
-3040
-3894
-3394
-2460
-964
972
3720
7136
11066
14990
17630
18724
17200
13660
8172
1800
-4870
-11456
-16066
-21048
-23510
-25902
-26696
-24690
-21028
-13444
-4496
4978
13482
18672
20280
18454
13656
7762
2524
-1930
-3660
-3996
-3344
-1354
-370
1680
3506
6336
9904
13788
17030
18840
18328
14832
9784
2564
-4170
-11374
-16318
-20988
-23606
-25644
-26318
-24922
-21478
-14604
-6616
3432
11258
17840
19826
18862
14412
8470
2460
-2458
-5050
-5918
-4716
-3476
-1142
346
2788
5270
8622
12446
15686
18034
17800
15708
10828
4918
-1920
-8246
-13972
-17594
-21394
-22988
-25280
-25662
-23948
-20038
-12280
-3570
6394
13862
19060
19092
16704
10688
4482
-1154
-5060
-6506
-5972
-4220
-2138
456
1846
5014
7070
11248
14248
17236
18114
16928
13120
7594
1102
-5628
-11614
-16726
-20270
-23550
-24838
-26264
-24316
-20776
-13398
-4406
5330
13844
19148
20864
18244
13244
6098
108
-4948
-6940
-7224
-5460
-3534
-914
1300
3638
6762
9686
13686
16480
18552
17932
15458
10326
4654
-1800
-6990
-11662
-14912
-17316
-20014
-21482
-23342
-22674
-19586
-13398
-4620
4902
13030
18306
19262
16532
11054
4546
-1062
-4772
-6230
-5760
-3776
-1656
694
2884
4696
7594
10086
13478
16082
17472
17034
14424
9744
4376
-1610
-6854
-11384
-14650
-17372
-19736
-21740
-23376
-22524
-19636
-12642
-4120
5730
13586
18468
19084
15766
10032
3186
-2382
-6064
-6874
-6010
-3772
-1598
312
2004
3710
6086
9120
12358
15190
16742
16090
13604
9156
3996
-1192
-5568
-9638
-12368
-15130
-17832
-20204
-22978
-23152
-21470
-15584
-7474
2314
10844
16716
18136
15880
10456
3896
-1764
-5700
-6870
-6014
-3990
-1730
242
1600
3222
5240
8044
11498
14528
16430
16238
13772
9544
4290
-992
-5304
-9278
-12502
-14838
-18246
-20204
-23444
-23894
-22686
-17196
-8838
1046
10568
16870
19456
17158
12042
4786
-1294
-6110
-7448
-6890
-4480
-1660
502
2368
3792
5642
8224
11426
14468
16738
16778
14662
10620
5354
278
-4180
-7508
-10404
-12344
-15052
-17522
-20464
-23006
-22474
-19572
-12386
-2898
6608
14700
18818
18294
14314
7608
724
-4242
-7110
-6690
-4684
-1872
930
2828
4170
5908
7824
10766
13824
16110
17102
15632
12214
7358
2072
-2712
-6354
-9896
-11836
-14414
-16960
-19450
-21880
-22280
-19220
-13100
-4034
6100
13690
18970
18688
14974
8658
1586
-3868
-6506
-6866
-4656
-1892
510
2816
3848
5216
7094
9264
12242
14686
15658
15168
12210
7862
3210
-1548
-4890
-7430
-9796
-11000
-13732
-16078
-19280
-21646
-21414
-17760
-11056
-1280
7480
14866
18014
16528
11946
4986
-1542
-5974
-7938
-7252
-4364
-1724
1442
3288
4552
6060
7622
9936
12566
14184
14762
13370
9958
5910
1046
-3048
-6186
-9358
-11520
-13934
-17042
-19246
-22270
-22518
-19766
-14244
-4878
4382
12500
17518
17920
14008
8404
744
-4212
-7626
-7982
-5932
-3146
-234
2238
3792
5130
7298
8948
12200
14166
15626
15186
12632
8420
4008
-1016
-4264
-6830
-9118
-10026
-12674
-15146
-18462
-21686
-21948
-19172
-12656
-2876
6776
14546
18784
17628
13120
6102
-1230
-6094
-8684
-8150
-5548
-2300
1040
3480
5170
6722
8422
10218
12562
13926
14540
13492
10680
6844
2714
-1216
-3896
-5878
-7866
-8958
-11838
-14380
-18188
-21226
-21316
-18436
-11134
-1738
8076
15248
18880
16974
12162
4714
-1952
-6564
-8342
-7438
-4648
-1592
1360
3442
4788
6154
7904
10016
12404
14194
14596
13360
10086
5936
1658
-1852
-4132
-5308
-6756
-7818
-10408
-13670
-17340
-20762
-21394
-18286
-11958
-2352
6970
14166
17760
16138
11076
4276
-2712
-6858
-8502
-7766
-4922
-2354
456
2908
4130
6570
8248
10520
12506
13548
13214
12020
8450
5094
1050
-2150
-4082
-5094
-6026
-6602
-8486
-11558
-14976
-19544
-21110
-20100
-14544
-6106
3978
11522
16758
16180
12290
5682
-1394
-6338
-8620
-8426
-6040
-3054
-492
2218
3318
5074
6386
8416
10432
12338
12824
12506
10030
6860
3206
-124
-2094
-3124
-3232
-3418
-4444
-6924
-10826
-16350
-21010
-23752
-22228
-15750
-6440
4978
13420
18716
18226
13698
6132
-1120
-6872
-9118
-8726
-6636
-3634
-1808
276
1758
3982
6716
10372
13156
15450
15224
13494
9842
5588
1592
-1112
-2618
-2560
-1862
-1548
-2124
-4484
-8704
-14078
-19738
-22960
-22486
-17088
-8106
2632
11784
17200
17954
13850
7512
130
-5154
-8048
-7998
-6282
-3986
-2234
-966
-214
2106
4736
9070
13310
16204
17388
15584
11574
6628
1606
-1926
-3212
-3280
-1606
-200
-24
-1242
-5166
-10514
-16714
-22202
-23696
-21102
-13546
-3136
7262
14846
18206
16008
10532
3112
-3632
-7572
-8824
-7538
-4694
-2324
-246
1006
1938
4048
6472
9888
13202
14860
14906
12446
8210
3786
-366
-2758
-2960
-2070
92
1446
980
-1156
-6216
-12322
-18952
-23510
-24042
-19518
-11266
-152
9142
15820
17272
14150
7960
698
-5244
-8318
-8970
-7080
-4570
-2142
-96
1278
2570
5110
7658
11054
13692
14512
13812
10738
6582
2436
-942
-2514
-2142
-992
1216
2288
1728
-808
-6126
-12728
-19094
-23992
-23690
-18988
-10228
1104
10282
16706
17778
14154
7714
262
-5696
-8734
-8922
-6996
-3982
-1620
256
1254
2162
4306
6984
10670
13718
14938
14120
10734
6014
1456
-2074
-3304
-2206
82
3272
5306
5300
3234
-2060
-8804
-16198
-23286
-25768
-24286
-17528
-6992
4174
13194
18792
17898
13932
6530
-1076
-6356
-9454
-9344
-6958
-4476
-1276
1098
2794
5378
6822
9852
11922
13386
13328
11446
7652
3998
-186
-2330
-2672
-1424
1564
4238
5798
5296
2104
-3960
-10804
-18982
-24680
-26864
-24126
-15740
-4962
6594
15238
19264
17760
12348
4240
-2966
-8230
-10264
-9342
-6862
-3480
-396
2048
4560
6594
8840
11012
12212
12558
11056
8198
4662
1096
-1430
-2332
-1886
150
2398
4438
5200
3756
-72
-6202
-13478
-20906
-25810
-27008
-22508
-13740
-2082
9176
16874
19886
17294
10798
2502
-5026
-10102
-11368
-10170
-6544
-2784
936
3724
5934
7710
9414
10688
11650
11098
9320
6266
2482
-646
-2524
-2604
-878
1904
4684
6756
6520
4066
-1136
-8460
-16054
-23142
-26948
-26134
-20226
-10216
1590
11840
18316
19728
15758
8688
456
-6610
-10336
-11186
-9062
-5476
-1976
1368
4068
5870
8180
9406
10948
11246
10460
8170
5186
1516
-748
-2102
-1380
760
3498
6036
7750
7086
4524
-538
-7848
-14906
-21906
-25830
-25206
-20264
-10920
824
10436
18198
19890
16834
10564
1864
-5458
-10028
-12056
-10254
-6954
-3246
1206
4128
7002
9392
10784
11718
12000
10210
8386
4860
1466
-862
-2148
-1482
850
3174
6038
7566
6908
4488
-700
-8100
-15294
-22656
-26734
-25988
-20480
-10206
2020
12356
19316
20372
16094
8570
-596
-8092
-12120
-12850
-10204
-5958
-1866
2236
4752
6898
8484
9544
10608
10502
9526
7118
3998
502
-1692
-2694
-1452
1062
4282
6920
8562
7998
5324
398
-6280
-13950
-20454
-25812
-26810
-23436
-15278
-3974
7398
16180
20470
18656
12498
3456
-5622
-11618
-14158
-12800
-8610
-3792
1002
4588
6570
8094
8656
9548
9588
9112
7386
4750
1752
-818
-2104
-1622
386
3376
6244
7950
8164
6094
2232
-3426
-10664
-17506
-23396
-26566
-25116
-19126
-8908
3098
13496
19938
20828
15864
7666
-1926
-9696
-13504
-13594
-10240
-5200
-436
3604
6310
8006
9224
10214
10090
9658
7372
4518
1370
-1152
-2130
-1118
1028
4362
7096
8862
9190
7628
4440
-162
-6398
-13366
-19850
-24574
-25622
-21880
-14072
-2742
8630
17228
21336
19360
12850
3852
-5358
-11642
-13978
-12548
-8038
-2752
2360
6294
8960
10252
10906
10418
9296
7322
4516
1582
-838
-2038
-1402
652
3744
6708
8626
9202
8174
5564
1844
-3102
-8828
-15090
-20550
-24232
-24432
-19964
-11870
-608
10110
18002
21042
18284
10680
1268
-8012
-13610
-14964
-12250
-6724
-458
4784
8686
10566
10820
10358
8760
6774
4516
1650
-478
-1816
-1942
-258
2260
5102
7780
8768
8536
6870
3356
-906
-6308
-12680
-18132
-22516
-24460
-22022
-16142
-7004
3842
12626
18104
18614
13702
5974
-2820
-10046
-13040
-12550
-8468
-2658
2602
6890
9312
9726
9540
8166
6428
4690
2482
710
-412
-840
118
1972
4202
6478
7646
7696
6526
4022
480
-3758
-8948
-14128
-18642
-21554
-21662
-18176
-11318
-2372
6946
13676
16906
15368
9918
2374
-4942
-10138
-11432
-9674
-5206
-18
4524
7908
9542
9712
9116
7450
5626
3632
1808
674
438
896
2442
3980
5538
6560
6550
5872
4092
966
-2816
-8134
-13716
-18456
-21958
-21850
-18090
-10922
-1242
8228
15084
18148
15738
9684
1476
-6392
-11318
-12318
-9984
-4686
708
5564
8874
10004
9922
8754
6774
5116
2980
1320
318
-102
580
2136
3700
5500
6290
6028
4900
2592
-278
-3694
-8410
-13134
-17686
-21012
-20910
-17794
-10668
-1308
7626
14432
17018
14246
8350
-42
-7374
-11652
-12292
-9348
-3926
1310
6104
8850
9658
9314
7746
5856
4086
2140
756
8
-122
830
2316
3810
5134
5646
5332
4154
2048
-706
-3976
-8000
-12472
-16536
-19408
-19488
-16250
-9718
-1356
6994
12850
14954
12614
7140
24
-6166
-10062
-10438
-8018
-3536
1426
5636
8514
9706
9302
8048
6064
4014
2168
666
52
102
976
2518
4100
5560
6180
5940
4786
2930
340
-2844
-6620
-11450
-15426
-18722
-19014
-15666
-9366
-570
7948
13878
16080
13418
7074
-296
-7178
-10768
-10546
-7242
-1894
3540
7568
9888
10140
9074
7350
5248
3286
1744
528
108
626
1870
3764
5580
6878
7214
6430
4682
2462
-296
-3014
-6046
-9430
-12984
-15606
-17032
-15396
-10516
-3486
4506
11168
14090
13354
8330
1278
-5360
-9974
-10750
-8004
-3432
2198
6452
8772
9510
8214
6172
4290
1944
766
2
-94
1052
2342
4012
5592
6178
6088
5128
3384
1444
-924
-3774
-6736
-10598
-14150
-16766
-17916
-15356
-10324
-2820
5380
11288
13760
12070
6122
-884
-7452
-11416
-11140
-7856
-2772
2826
6656
8636
8772
7118
5046
2822
702
-354
-952
-596
810
2318
4170
5642
6098
5870
4510
2386
234
-2134
-4528
-6796
-10198
-13530
-16090
-17670
-15242
-10246
-3002
5438
11324
13502
11836
5480
-1532
-7686
-11234
-10338
-6672
-1648
3844
7022
8656
8566
6896
5136
3232
1274
512
-194
156
1560
2844
4852
6296
6478
6300
4914
2790
1122
-1394
-3692
-6066
-9524
-12614
-14998
-16408
-14092
-9476
-2736
5030
10320
12610
11076
5544
-642
-6500
-9722
-9128
-6026
-1234
3840
7120
9034
9034
7604
5768
3674
1812
844
220
702
1966
3484
5350
6610
6950
6562
5114
3302
1344
-754
-2674
-4652
-7154
-9928
-12742
-14426
-14164
-10864
-5180
1510
7902
11288
11022
7416
1162
-4662
-8378
-9220
-6434
-2108
2426
6336
7794
7912
6834
4772
3298
1974
894
926
932
1682
3244
4558
5992
6744
6068
4924
3148
1038
-438
-2136
-4168
-6164
-9376
-12472
-14678
-15342
-12454
-7038
-240
6932
10788
11394
