-324
-78
174
469
547
619
533
307
33
-117
-197
-71
101
143
160
163
225
392
644
857
1076
1191
1296
1445
1638
1485
328
-679
-1257
-1311
-410
452
871
958
972
768
972
933
483
-121
-720
-1073
-737
-120
423
812
892
701
714
641
410
95
-299
-705
-657
-401
-31
357
478
363
310
209
128
104
17
-84
-38
-12
9
39
50
82
266
454
714
972
1165
1260
1436
1612
1241
-35
-797
-1587
-1385
-401
434
1044
1259
997
710
858
515
330
-209
-825
-1107
-668
-168
694
1137
1050
797
568
166
126
-118
-315
-472
-477
-289
171
429
544
424
181
73
66
93
128
113
30
56
64
143
246
357
538
825
1047
1321
1513
1673
1616
656
-410
-1219
-1591
-878
43
931
1359
1349
895
820
574
397
81
-457
-924
-856
-451
368
1124
1316
1105
672
127
-166
-209
-210
-223
-238
-223
14
328
540
541
335
77
-54
-58
14
97
101
79
88
119
240
407
613
851
1081
1289
1503
1723
1358
254
-667
-1580
-1509
-681
352
1261
1617
1219
816
499
231
219
-107
-575
-856
-826
-329
627
1248
1467
1122
399
-238
-546
-520
-278
-159
-86
-55
122
327
536
438
225
-66
-226
-237
-90
37
127
90
83
114
305
538
831
1010
1198
1338
1556
1386
449
-421
-1369
-1543
-852
124
1188
1717
1464
966
514
44
46
-176
-460
-683
-724
-422
418
1100
1553
1405
743
13
-479
-709
-487
-254
-86
113
241
379
581
534
362
121
-171
-225
-146
-9
183
219
189
216
290
523
873
1124
1360
1498
1600
1346
433
-395
-1276
-1346
-693
295
1334
1817
1564
1078
510
47
-6
-210
-420
-589
-631
-270
469
1134
1623
1461
809
-5
-601
-795
-489
-166
135
246
259
323
458
487
444
240
-46
-211
-244
-116
68
185
219
231
296
492
783
1082
1332
1469
1581
1199
257
-569
-1442
-1399
-721
306
1407
1852
1564
1071
389
-24
-83
-281
-404
-587
-684
-324
321
1013
1552
1371
794
-10
-700
-842
-604
-213
183
251
268
269
307
413
378
192
-17
-254
-297
-177
-36
148
225
252
341
443
668
947
1158
1355
1538
1294
483
-408
-1372
-1524
-986
26
1236
1838
1724
1209
479
-27
-143
-286
-329
-512
-625
-384
138
853
1460
1432
995
227
-550
-873
-735
-379
187
347
413
395
330
403
382
236
117
-146
-244
-183
-62
182
305
324
406
439
639
920
1147
1388
1561
1564
942
32
-922
-1492
-1192
-401
833
1720
1939
1532
888
169
-44
-196
-203
-314
-482
-456
-85
507
1261
1565
1370
734
-87
-657
-813
-609
-135
300
500
548
454
411
387
314
195
-6
-186
-229
-146
47
243
336
389
388
456
616
862
1115
1350
1539
1550
835
-30
-1028
-1522
-1145
-353
891
1683
1808
1405
710
25
-147
-309
-224
-316
-450
-398
-115
380
1076
1320
1241
641
-123
-663
-835
-637
-162
265
558
552
415
294
192
168
115
-26
-139
-240
-204
-60
97
255
300
306
326
400
581
812
1051
1312
1530
1320
472
-354
-1355
-1403
-980
40
1182
1722
1636
1136
326
-102
-290
-296
-184
-322
-363
-325
-76
505
1015
1220
1099
441
-180
-675
-756
-423
55
466
694
525
347
96
4
63
71
94
50
-45
9
53
169
253
238
260
262
361
579
797
1093
1313
1570
1577
848
101
-991
-1364
-1116
-370
868
1617
1789
1441
641
42
-186
-284
-42
-139
-169
-261
-203
191
744
1103
1321
869
335
-298
-605
-485
-107
311
639
567
434
118
-10
12
105
238
247
183
130
35
49
35
29
84
107
247
429
619
872
1041
1249
1502
1638
1071
352
-755
-1410
-1330
-790
514
1408
1890
1657
951
190
-172
-398
-137
-185
-123
-289
-334
-133
344
831
1320
1174
818
83
-456
-676
-508
-70
394
529
526
246
66
-5
73
244
331
281
153
-76
-173
-219
-144
-29
86
227
363
490
688
806
973
1108
1281
1495
955
351
-636
-1361
-1230
-883
440
1290
1882
1746
1061
188
-223
-602
-239
-234
7
-131
-210
-97
291
752
1342
1266
1021
222
-417
-759
-710
-261
291
608
777
563
355
178
37
149
111
146
80
-69
-92
-135
-45
90
167
341
362
449
521
565
687
786
937
1213
1486
1324
720
-56
-1047
-1062
-1000
101
982
1717
1753
1255
406
-64
-457
-155
-40
199
131
-73
-85
91
477
1034
1206
1120
566
-97
-501
-675
-318
145
600
777
668
392
201
53
150
143
190
53
-45
-155
-102
-2
150
196
253
203
254
277
402
500
618
716
879
1074
1467
1334
813
74
-1021
-1097
-1180
-199
722
1479
1733
1305
536
-10
-524
-340
-267
3
65
-114
-103
-74
258
719
1001
1066
677
36
-434
-832
-591
-238
360
703
739
529
234
-49
-34
-123
62
-26
6
-73
-106
-65
4
53
149
85
180
159
278
361
442
524
605
711
993
1312
1463
951
402
-741
-940
-1145
-392
448
1209
1578
1311
664
140
-332
-220
-107
123
246
-2
-55
-195
49
443
880
1110
994
455
-17
-613
-557
-400
177
567
807
664
457
120
128
36
248
175
149
-71
-198
-235
-94
71
298
312
344
212
189
189
272
401
556
711
918
1081
1377
1522
1049
608
-480
-831
-1052
-671
298
906
1600
1484
1062
444
-130
-325
-222
-129
268
26
135
-132
32
257
659
904
986
559
238
-415
-462
-467
-10
401
694
716
527
230
121
-22
98
95
142
63
-66
-123
-146
-70
74
156
252
225
215
201
196
258
297
403
529
729
988
1300
1632
1296
833
-164
-917
-1130
-1117
-52
568
1543
1602
1338
624
62
-403
-271
-339
122
-111
13
-228
-85
150
622
923
1154
751
428
-314
-531
-617
-264
223
654
835
775
423
237
-11
21
70
99
99
-59
-110
-165
-95
72
221
348
354
267
229
138
197
218
316
411
525
696
903
1130
1518
1529
1087
473
-656
-901
-1236
-544
248
1083
1618
1463
959
345
-256
-263
-286
14
151
35
41
-141
92
361
792
1115
1062
730
226
-400
-503
-518
-4
415
825
879
667
320
94
-57
110
124
276
135
27
-105
-131
-15
135
256
354
273
240
120
114
125
184
286
375
495
663
815
1057
1335
1515
1063
552
-554
-952
-1253
-818
62
821
1520
1456
1048
398
-159
-315
-249
-73
191
3
16
-225
-35
203
657
971
1033
677
255
-401
-533
-586
-134
265
686
783
654
336
138
-63
72
79
184
81
-85
-210
-288
-187
-6
149
284
246
179
63
-4
33
65
153
175
224
310
467
719
1019
1320
1583
1110
602
-452
-1036
-1196
-970
97
756
1591
1553
1192
500
-66
-386
-259
-191
232
57
140
-135
-34
158
571
910
1082
777
431
-245
-463
-593
-249
170
595
807
782
520
333
75
116
93
165
133
11
-102
-171
-129
52
196
398
404
322
167
-13
-46
-46
85
210
330
442
535
662
849
1043
1310
1507
1238
717
-86
-840
-902
-873
149
715
1569
1532
1247
530
15
-396
-208
-180
315
189
271
6
-5
72
369
637
887
700
499
-47
-289
-404
-192
195
527
767
734
497
252
-5
-38
19
134
216
113
48
-117
-125
-78
58
187
248
197
110
-42
-56
-65
69
174
298
353
392
423
522
650
854
1029
1246
1347
917
465
-393
-738
-858
-540
248
727
1246
1117
772
251
-176
-299
-203
-60
221
80
110
-98
-5
140
427
697
779
597
319
-135
-273
-332
-53
268
561
699
589
350
138
-82
-8
-3
194
212
165
54
-98
-102
-31
82
239
242
247
114
18
5
18
181
260
387
446
463
491
529
605
746
838
1029
1159
1143
708
269
-514
-548
-706
-28
444
1072
1233
1092
614
186
-217
-153
-137
218
308
346
253
126
158
283
501
710
675
538
212
-82
-176
-140
184
423
682
667
515
260
74
-21
90
162
328
271
235
75
-16
-32
34
152
268
284
281
162
99
39
78
169
242
305
310
292
274
256
310
389
533
700
824
1002
1145
1088
735
281
-385
-528
-724
-199
223
827
1045
990
637
250
-122
-128
-149
110
116
140
24
-66
-28
101
348
582
627
550
264
-9
-198
-239
-57
137
387
465
436
320
175
85
76
97
191
190
197
96
34
-9
11
50
134
184
220
189
163
87
66
49
79
137
217
308
379
436
494
535
597
685
796
972
1152
1077
766
267
-366
-513
-693
-111
257
936
1089
1054
651
233
-180
-222
-247
89
157
319
219
141
94
140
322
520
600
611
386
171
-56
-107
20
203
483
595
626
505
344
213
155
181
264
295
317
193
112
-20
-7
41
166
274
331
319
268
165
110
64
114
178
265
331
349
361
350
364
403
469
562
684
791
909
1031
923
631
199
-308
-417
-560
-70
197
751
845
809
465
128
-180
-200
-179
117
199
339
249
153
104
103
267
403
515
512
350
149
-40
-132
-26
114
385
494
554
447
292
146
56
52
94
109
151
92
90
38
74
98
157
200
209
178
117
46
3
-21
26
63
130
207
236
296
299
324
304
293
284
309
362
498
620
805
929
835
585
130
-264
-418
-484
-64
177
699
769
805
508
214
-56
-170
-145
91
201
367
305
257
